(174, 190, 242)(174, 190, 242)(174, 190, 242)(173, 189, 241)(173, 189, 241)(171, 187, 239)(170, 186, 238)(167, 183, 235)(167, 182, 235)(167, 183, 235)
(243, 0, 0)(243, 175, 190)(242, 175, 190)(241, 174, 190)(240, 173, 189)(239, 172, 188)(239, 171, 186)(237, 171, 187)(237, 169, 185)(240, 169, 185)
(0, 69, 51)(187, 240, 0)(188, 240, 172)(189, 241, 172)(189, 241, 173)(190, 243, 173)(189, 241, 175)(190, 242, 173)(188, 240, 174)(188, 240, 172)
(54, 42, 73)(0, 0, 72)(170, 185, 238)(171, 187, 239)(171, 187, 239)(170, 186, 238)(170, 185, 238)(168, 184, 236)(170, 186, 238)(168, 183, 236)
(74, 55, 43)(72, 54, 42)(239, 0, 0)(239, 171, 187)(237, 171, 187)(235, 170, 186)(235, 168, 184)(233, 167, 183)(232, 165, 181)(232, 164, 180)
(43, 76, 56)(43, 74, 55)(0, 73, 55)(187, 239, 0)(188, 240, 171)(187, 237, 172)(186, 237, 171)(187, 239, 170)(190, 242, 171)(189, 240, 174)
(56, 45, 74)(57, 44, 77)(54, 42, 75)(0, 0, 72)(172, 188, 240)(172, 188, 240)(173, 189, 240)(173, 190, 241)(171, 187, 238)(175, 191, 242)
(73, 53, 44)(76, 55, 44)(75, 57, 45)(73, 55, 43)(242, 0, 0)(241, 174, 190)(241, 173, 189)(242, 173, 189)(240, 174, 190)(240, 173, 189)
(45, 78, 58)(42, 74, 54)(44, 73, 53)(43, 74, 57)(0, 73, 55)(189, 241, 0)(187, 239, 173)(190, 242, 171)(189, 241, 174)(188, 240, 173)
(56, 48, 77)(53, 45, 76)(56, 45, 73)(57, 44, 76)(54, 42, 75)(0, 0, 72)(173, 189, 241)(170, 186, 237)(172, 187, 239)(172, 188, 240)
